0
100
0.2
80.0
0.4
64.0
0.6000000000000001
51.2
0.8
40.96
1.0
32.768
1.2
26.2144
1.4
20.97152
1.5999999999999999
16.777216000000003
1.7999999999999998
13.421772800000003
1.9999999999999998
10.737418240000002
2.1999999999999997
8.589934592000002
2.4
6.871947673600002
2.6
5.497558138880001
2.8000000000000003
4.398046511104001
3.0000000000000004
3.5184372088832006
3.2000000000000006
2.8147497671065604
3.400000000000001
2.251799813685248
3.600000000000001
1.8014398509481986
3.800000000000001
1.4411518807585588
4.000000000000001
1.152921504606847
4.200000000000001
0.9223372036854777
4.400000000000001
0.7378697629483821
4.600000000000001
0.5902958103587057
4.800000000000002
0.47223664828696454
