0
100
0.1
90.0
0.2
81.0
0.30000000000000004
72.9
0.4
65.61
0.5
59.049
0.6
53.1441
0.7
47.82969
0.7999999999999999
43.046721
0.8999999999999999
38.7420489
0.9999999999999999
34.86784401
1.0999999999999999
31.381059608999998
1.2
28.2429536481
1.3
25.41865828329
1.4000000000000001
22.876792454961
1.5000000000000002
20.589113209464898
1.6000000000000003
18.53020188851841
1.7000000000000004
16.67718169966657
1.8000000000000005
15.009463529699913
1.9000000000000006
13.50851717672992
2.0000000000000004
12.157665459056929
2.1000000000000005
10.941898913151237
2.2000000000000006
9.847709021836113
2.3000000000000007
8.862938119652503
2.400000000000001
7.976644307687252
2.500000000000001
7.178979876918527
2.600000000000001
6.461081889226675
2.700000000000001
5.814973700304007
2.800000000000001
5.233476330273606
2.9000000000000012
4.710128697246246
3.0000000000000013
4.239115827521621
3.1000000000000014
3.815204244769459
3.2000000000000015
3.4336838202925133
3.3000000000000016
3.090315438263262
3.4000000000000017
2.781283894436936
3.5000000000000018
2.5031555049932424
3.600000000000002
2.252839954493918
3.700000000000002
2.027555959044526
3.800000000000002
1.8248003631400733
3.900000000000002
1.642320326826066
4.000000000000002
1.4780882941434594
4.100000000000001
1.3302794647291134
4.200000000000001
1.197251518256202
4.300000000000001
1.0775263664305819
4.4
0.9697737297875236
4.5
0.8727963568087713
4.6
0.7855167211278942
4.699999999999999
0.7069650490151047
4.799999999999999
0.6362685441135942
4.899999999999999
0.5726416897022348
4.999999999999998
0.5153775207320114
