0
0
606.2177826491071
349.99999999999994
0
60.621778264910716
34.99999999999999
606.2177826491071
349.0199999999999
0.1
121.24355652982143
69.90199999999999
606.2177826491071
348.0399999999999
0.2
181.86533479473215
104.70599999999999
606.2177826491071
347.0599999999999
0.30000000000000004
242.48711305964287
139.41199999999998
606.2177826491071
346.07999999999987
0.4
303.1088913245536
174.01999999999998
606.2177826491071
345.09999999999985
0.5
363.73066958946436
208.52999999999997
606.2177826491071
344.11999999999983
0.6
424.3524478543751
242.94199999999995
606.2177826491071
343.1399999999998
0.7
484.97422611928585
277.2559999999999
606.2177826491071
342.1599999999998
0.7999999999999999
545.5960043841966
311.47199999999987
606.2177826491071
341.1799999999998
0.8999999999999999
606.2177826491073
345.58999999999986
606.2177826491071
340.19999999999976
0.9999999999999999
666.8395609140181
379.60999999999984
606.2177826491071
339.21999999999974
1.0999999999999999
727.4613391789288
413.5319999999998
606.2177826491071
338.2399999999997
1.2
788.0831174438396
447.35599999999977
606.2177826491071
337.2599999999997
1.3
848.7048957087503
481.08199999999977
606.2177826491071
336.2799999999997
1.4000000000000001
909.3266739736611
514.7099999999997
606.2177826491071
335.29999999999967
1.5000000000000002
969.9484522385718
548.2399999999997
606.2177826491071
334.31999999999965
1.6000000000000003
1030.5702305034824
581.6719999999997
606.2177826491071
333.33999999999963
1.7000000000000004
1091.1920087683932
615.0059999999996
606.2177826491071
332.3599999999996
1.8000000000000005
1151.813787033304
648.2419999999996
606.2177826491071
331.3799999999996
1.9000000000000006
1212.4355652982147
681.3799999999995
606.2177826491071
330.3999999999996
2.0000000000000004
1273.0573435631254
714.4199999999995
606.2177826491071
329.41999999999956
2.1000000000000005
1333.6791218280362
747.3619999999995
606.2177826491071
328.43999999999954
2.2000000000000006
1394.300900092947
780.2059999999994
606.2177826491071
327.4599999999995
2.3000000000000007
1454.9226783578576
812.9519999999994
606.2177826491071
326.4799999999995
2.400000000000001
1515.5444566227684
845.5999999999993
606.2177826491071
325.4999999999995
2.500000000000001
1576.1662348876791
878.1499999999993
606.2177826491071
324.51999999999947
2.600000000000001
1636.7880131525899
910.6019999999993
606.2177826491071
323.53999999999945
2.700000000000001
1697.4097914175006
942.9559999999992
606.2177826491071
322.55999999999943
2.800000000000001
1758.0315696824114
975.2119999999992
606.2177826491071
321.5799999999994
2.9000000000000012
1818.6533479473221
1007.3699999999991
606.2177826491071
320.5999999999994
3.0000000000000013
1879.2751262122329
1039.429999999999
606.2177826491071
319.6199999999994
3.1000000000000014
1939.8969044771436
1071.391999999999
606.2177826491071
318.63999999999936
3.2000000000000015
2000.5186827420544
1103.255999999999
606.2177826491071
317.65999999999934
3.3000000000000016
2061.140461006965
1135.0219999999988
606.2177826491071
316.6799999999993
3.4000000000000017
2121.7622392718754
1166.6899999999987
606.2177826491071
315.6999999999993
3.5000000000000018
2182.384017536786
1198.2599999999986
606.2177826491071
314.7199999999993
3.600000000000002
2243.0057958016964
1229.7319999999986
606.2177826491071
313.73999999999927
3.700000000000002
2303.627574066607
1261.1059999999986
606.2177826491071
312.75999999999925
3.800000000000002
2364.2493523315175
1292.3819999999985
606.2177826491071
311.77999999999923
3.900000000000002
2424.871130596428
1323.5599999999984
606.2177826491071
310.7999999999992
4.000000000000002
2485.4929088613385
1354.6399999999983
606.2177826491071
309.8199999999992
4.100000000000001
2546.114687126249
1385.6219999999983
606.2177826491071
308.8399999999992
4.200000000000001
2606.7364653911595
1416.5059999999983
606.2177826491071
307.85999999999916
4.300000000000001
2667.35824365607
1447.291999999998
606.2177826491071
306.87999999999914
4.4
2727.9800219209806
1477.979999999998
606.2177826491071
305.8999999999991
4.5
2788.601800185891
1508.569999999998
606.2177826491071
304.9199999999991
4.6
2849.2235784508016
1539.0619999999979
606.2177826491071
303.9399999999991
4.699999999999999
2909.845356715712
1569.4559999999979
606.2177826491071
302.95999999999907
4.799999999999999
2970.4671349806226
1599.7519999999977
606.2177826491071
301.97999999999905
4.899999999999999
3031.088913245533
1629.9499999999975
606.2177826491071
300.99999999999903
4.999999999999998
3091.7106915104437
1660.0499999999975
606.2177826491071
300.019999999999
5.099999999999998
3152.332469775354
1690.0519999999974
606.2177826491071
299.039999999999
5.1999999999999975
3212.9542480402647
1719.9559999999974
606.2177826491071
298.059999999999
5.299999999999997
3273.576026305175
1749.7619999999972
606.2177826491071
297.07999999999896
5.399999999999997
3334.1978045700857
1779.469999999997
606.2177826491071
296.09999999999894
5.4999999999999964
3394.8195828349963
1809.079999999997
606.2177826491071
295.1199999999989
5.599999999999996
3455.4413610999068
1838.591999999997
606.2177826491071
294.1399999999989
5.699999999999996
3516.0631393648173
1868.005999999997
606.2177826491071
293.1599999999989
5.799999999999995
3576.684917629728
1897.3219999999967
606.2177826491071
292.17999999999887
5.899999999999995
3637.3066958946383
1926.5399999999966
606.2177826491071
291.19999999999885
5.999999999999995
3697.928474159549
1955.6599999999964
606.2177826491071
290.21999999999883
6.099999999999994
3758.5502524244594
1984.6819999999964
606.2177826491071
289.2399999999988
6.199999999999994
3819.17203068937
2013.6059999999964
606.2177826491071
288.2599999999988
6.299999999999994
3879.7938089542804
2042.4319999999962
606.2177826491071
287.2799999999988
6.399999999999993
3940.415587219191
2071.159999999996
606.2177826491071
286.29999999999876
6.499999999999993
4001.0373654841014
2099.789999999996
606.2177826491071
285.31999999999874
6.5999999999999925
4061.659143749012
2128.3219999999956
606.2177826491071
284.3399999999987
6.699999999999992
4122.2809220139225
2156.7559999999953
606.2177826491071
283.3599999999987
6.799999999999992
4182.902700278833
2185.091999999995
606.2177826491071
282.3799999999987
6.8999999999999915
4243.524478543744
2213.329999999995
606.2177826491071
281.39999999999867
6.999999999999991
4304.146256808655
2241.469999999995
606.2177826491071
280.41999999999865
7.099999999999991
4364.768035073566
2269.5119999999947
606.2177826491071
279.43999999999863
7.19999999999999
4425.389813338477
2297.4559999999947
606.2177826491071
278.4599999999986
7.29999999999999
4486.011591603388
2325.3019999999947
606.2177826491071
277.4799999999986
7.39999999999999
4546.633369868299
2353.0499999999947
606.2177826491071
276.4999999999986
7.499999999999989
4607.25514813321
2380.6999999999944
606.2177826491071
275.51999999999856
7.599999999999989
4667.876926398121
2408.251999999994
606.2177826491071
274.53999999999854
7.699999999999989
4728.498704663032
2435.7059999999938
606.2177826491071
273.5599999999985
7.799999999999988
4789.120482927943
2463.0619999999935
606.2177826491071
272.5799999999985
7.899999999999988
4849.742261192854
2490.3199999999933
606.2177826491071
271.5999999999985
7.999999999999988
4910.364039457765
2517.479999999993
606.2177826491071
270.61999999999847
8.099999999999987
4970.985817722676
2544.541999999993
606.2177826491071
269.63999999999845
8.199999999999987
5031.607595987587
2571.505999999993
606.2177826491071
268.65999999999843
8.299999999999986
5092.229374252498
2598.371999999993
606.2177826491071
267.6799999999984
8.399999999999986
5152.851152517409
2625.139999999993
606.2177826491071
266.6999999999984
8.499999999999986
5213.47293078232
2651.8099999999927
606.2177826491071
265.7199999999984
8.599999999999985
5274.094709047231
2678.3819999999923
606.2177826491071
264.73999999999836
8.699999999999985
5334.716487312142
2704.855999999992
606.2177826491071
263.75999999999834
8.799999999999985
5395.338265577053
2731.231999999992
606.2177826491071
262.7799999999983
8.899999999999984
5455.960043841964
2757.5099999999916
606.2177826491071
261.7999999999983
8.999999999999984
5516.581822106875
2783.6899999999914
606.2177826491071
260.8199999999983
9.099999999999984
5577.203600371786
2809.7719999999913
606.2177826491071
259.83999999999827
9.199999999999983
5637.825378636697
2835.755999999991
606.2177826491071
258.85999999999825
9.299999999999983
5698.447156901608
2861.641999999991
606.2177826491071
257.87999999999823
9.399999999999983
5759.068935166519
2887.429999999991
606.2177826491071
256.8999999999982
9.499999999999982
5819.69071343143
2913.119999999991
606.2177826491071
255.91999999999823
9.599999999999982
5880.312491696341
2938.7119999999904
606.2177826491071
254.93999999999824
9.699999999999982
5940.934269961252
2964.20599999999
606.2177826491071
253.95999999999825
9.799999999999981
6001.556048226163
2989.60199999999
606.2177826491071
252.97999999999826
9.89999999999998
6062.177826491074
3014.8999999999896
606.2177826491071
251.99999999999827
9.99999999999998
6122.799604755985
3040.0999999999894
606.2177826491071
251.01999999999828
10.09999999999998
6183.4213830208955
3065.2019999999893
606.2177826491071
250.0399999999983
10.19999999999998
6244.0431612858065
3090.205999999989
606.2177826491071
249.0599999999983
10.29999999999998
6304.6649395507175
3115.111999999989
606.2177826491071
248.0799999999983
10.399999999999979
6365.286717815628
3139.919999999989
606.2177826491071
247.09999999999832
10.499999999999979
6425.908496080539
3164.629999999989
606.2177826491071
246.11999999999833
10.599999999999978
6486.53027434545
3189.241999999989
606.2177826491071
245.13999999999834
10.699999999999978
6547.152052610361
3213.7559999999885
606.2177826491071
244.15999999999835
10.799999999999978
6607.773830875272
3238.171999999988
606.2177826491071
243.17999999999836
10.899999999999977
6668.395609140183
3262.489999999988
606.2177826491071
242.19999999999837
10.999999999999977
6729.017387405094
3286.7099999999878
606.2177826491071
241.21999999999838
11.099999999999977
6789.639165670005
3310.8319999999876
606.2177826491071
240.2399999999984
11.199999999999976
6850.260943934916
3334.8559999999875
606.2177826491071
239.2599999999984
11.299999999999976
6910.882722199827
3358.7819999999874
606.2177826491071
238.2799999999984
11.399999999999975
6971.504500464738
3382.6099999999874
606.2177826491071
237.29999999999842
11.499999999999975
7032.126278729649
3406.3399999999874
606.2177826491071
236.31999999999843
11.599999999999975
7092.74805699456
3429.9719999999875
606.2177826491071
235.33999999999844
11.699999999999974
7153.369835259471
3453.505999999987
606.2177826491071
234.35999999999845
11.799999999999974
7213.991613524382
3476.941999999987
606.2177826491071
233.37999999999846
11.899999999999974
7274.613391789293
3500.2799999999866
606.2177826491071
232.39999999999847
11.999999999999973
7335.235170054204
3523.5199999999863
606.2177826491071
231.41999999999848
12.099999999999973
7395.856948319115
3546.661999999986
606.2177826491071
230.4399999999985
12.199999999999973
7456.478726584026
3569.705999999986
606.2177826491071
229.4599999999985
12.299999999999972
7517.100504848937
3592.651999999986
606.2177826491071
228.4799999999985
12.399999999999972
7577.722283113848
3615.499999999986
606.2177826491071
227.49999999999852
12.499999999999972
7638.344061378759
3638.249999999986
606.2177826491071
226.51999999999853
12.599999999999971
7698.96583964367
3660.901999999986
606.2177826491071
225.53999999999854
12.69999999999997
7759.587617908581
3683.4559999999856
606.2177826491071
224.55999999999855
12.79999999999997
7820.209396173492
3705.9119999999853
606.2177826491071
223.57999999999856
12.89999999999997
7880.831174438403
3728.269999999985
606.2177826491071
222.59999999999857
12.99999999999997
7941.452952703314
3750.5299999999847
606.2177826491071
221.61999999999858
13.09999999999997
8002.074730968225
3772.6919999999845
606.2177826491071
220.6399999999986
13.199999999999969
8062.696509233136
3794.7559999999844
606.2177826491071
219.6599999999986
13.299999999999969
8123.318287498047
3816.7219999999843
606.2177826491071
218.6799999999986
13.399999999999968
8183.940065762958
3838.5899999999842
606.2177826491071
217.69999999999862
13.499999999999968
8244.561844027869
3860.359999999984
606.2177826491071
216.71999999999863
13.599999999999968
8305.18362229278
3882.0319999999842
606.2177826491071
215.73999999999864
13.699999999999967
8365.80540055769
3903.6059999999843
606.2177826491071
214.75999999999866
13.799999999999967
8426.427178822601
3925.081999999984
606.2177826491071
213.77999999999867
13.899999999999967
8487.048957087512
3946.4599999999837
606.2177826491071
212.79999999999868
13.999999999999966
8547.670735352423
3967.7399999999834
606.2177826491071
211.81999999999869
14.099999999999966
8608.292513617334
3988.921999999983
606.2177826491071
210.8399999999987
14.199999999999966
8668.914291882245
4010.005999999983
606.2177826491071
209.8599999999987
14.299999999999965
8729.536070147156
4030.991999999983
606.2177826491071
208.87999999999872
14.399999999999965
8790.157848412067
4051.879999999983
606.2177826491071
207.89999999999873
14.499999999999964
8850.779626676978
4072.669999999983
606.2177826491071
206.91999999999874
14.599999999999964
8911.40140494189
4093.361999999983
606.2177826491071
205.93999999999875
14.699999999999964
8972.0231832068
4113.955999999983
606.2177826491071
204.95999999999876
14.799999999999963
9032.644961471711
4134.451999999983
606.2177826491071
203.97999999999877
14.899999999999963
9093.266739736622
4154.849999999983
606.2177826491071
202.99999999999878
14.999999999999963
9153.888518001533
4175.149999999983
606.2177826491071
202.0199999999988
15.099999999999962
9214.510296266444
4195.3519999999835
606.2177826491071
201.0399999999988
15.199999999999962
9275.132074531355
4215.455999999984
606.2177826491071
200.0599999999988
15.299999999999962
9335.753852796266
4235.461999999984
606.2177826491071
199.07999999999882
15.399999999999961
9396.375631061177
4255.3699999999835
606.2177826491071
198.09999999999883
15.499999999999961
9456.997409326088
4275.179999999983
606.2177826491071
197.11999999999884
15.59999999999996
9517.619187590999
4294.8919999999825
606.2177826491071
196.13999999999885
15.69999999999996
9578.24096585591
4314.505999999982
606.2177826491071
195.15999999999886
15.79999999999996
9638.862744120821
4334.021999999982
606.2177826491071
194.17999999999887
15.89999999999996
9699.484522385732
4353.439999999981
606.2177826491071
193.19999999999888
15.99999999999996
9760.106300650643
4372.759999999981
606.2177826491071
192.2199999999989
16.09999999999996
9820.728078915554
4391.981999999981
606.2177826491071
191.2399999999989
16.19999999999996
9881.349857180465
4411.105999999981
606.2177826491071
190.2599999999989
16.29999999999996
9941.971635445376
4430.1319999999805
606.2177826491071
189.27999999999892
16.399999999999963
10002.593413710287
4449.05999999998
606.2177826491071
188.29999999999893
16.499999999999964
10063.215191975198
4467.88999999998
606.2177826491071
187.31999999999894
16.599999999999966
10123.836970240109
4486.62199999998
606.2177826491071
186.33999999999895
16.699999999999967
10184.45874850502
4505.25599999998
606.2177826491071
185.35999999999896
16.79999999999997
10245.08052676993
4523.79199999998
606.2177826491071
184.37999999999897
16.89999999999997
10305.702305034842
4542.2299999999805
606.2177826491071
183.39999999999898
16.99999999999997
10366.324083299753
4560.569999999981
606.2177826491071
182.419999999999
17.099999999999973
10426.945861564664
4578.811999999981
606.2177826491071
181.439999999999
17.199999999999974
10487.567639829575
4596.955999999981
606.2177826491071
180.459999999999
17.299999999999976
10548.189418094486
4615.001999999981
606.2177826491071
179.47999999999902
17.399999999999977
10608.811196359396
4632.949999999982
606.2177826491071
178.49999999999903
17.49999999999998
10669.432974624307
4650.799999999981
606.2177826491071
177.51999999999904
17.59999999999998
10730.054752889218
4668.551999999981
606.2177826491071
176.53999999999905
17.69999999999998
10790.67653115413
4686.20599999998
606.2177826491071
175.55999999999906
17.799999999999983
10851.29830941904
4703.76199999998
606.2177826491071
174.57999999999907
17.899999999999984
10911.920087683951
4721.219999999979
606.2177826491071
173.59999999999908
17.999999999999986
10972.541865948862
4738.579999999979
606.2177826491071
172.6199999999991
18.099999999999987
11033.163644213773
4755.841999999979
606.2177826491071
171.6399999999991
18.19999999999999
11093.785422478684
4773.0059999999785
606.2177826491071
170.65999999999912
18.29999999999999
11154.407200743595
4790.071999999978
606.2177826491071
169.67999999999913
18.39999999999999
11215.028979008506
4807.039999999978
606.2177826491071
168.69999999999914
18.499999999999993
11275.650757273417
4823.909999999978
606.2177826491071
167.71999999999915
18.599999999999994
11336.272535538328
4840.681999999978
606.2177826491071
166.73999999999916
18.699999999999996
11396.89431380324
4857.355999999978
606.2177826491071
165.75999999999917
18.799999999999997
11457.51609206815
4873.931999999978
606.2177826491071
164.77999999999918
18.9
11518.137870333061
4890.409999999978
606.2177826491071
163.7999999999992
19.0
11578.759648597972
4906.789999999978
606.2177826491071
162.8199999999992
19.1
11639.381426862883
4923.071999999978
606.2177826491071
161.8399999999992
19.200000000000003
11700.003205127794
4939.2559999999785
606.2177826491071
160.85999999999922
19.300000000000004
11760.624983392705
4955.341999999979
606.2177826491071
159.87999999999923
19.400000000000006
11821.246761657616
4971.329999999979
606.2177826491071
158.89999999999924
19.500000000000007
11881.868539922527
4987.219999999979
606.2177826491071
157.91999999999925
19.60000000000001
11942.490318187438
5003.01199999998
606.2177826491071
156.93999999999926
19.70000000000001
12003.112096452349
5018.705999999979
606.2177826491071
155.95999999999927
19.80000000000001
12063.73387471726
5034.301999999979
606.2177826491071
154.97999999999928
19.900000000000013
12124.35565298217
5049.799999999978
606.2177826491071
153.9999999999993
20.000000000000014
12184.977431247082
5065.199999999978
606.2177826491071
153.0199999999993
20.100000000000016
12245.599209511993
5080.501999999978
606.2177826491071
152.0399999999993
20.200000000000017
12306.220987776904
5095.705999999977
606.2177826491071
151.05999999999932
20.30000000000002
12366.842766041815
5110.811999999977
606.2177826491071
150.07999999999933
20.40000000000002
12427.464544306726
5125.819999999977
606.2177826491071
149.09999999999934
20.50000000000002
12488.086322571637
5140.729999999977
606.2177826491071
148.11999999999935
20.600000000000023
12548.708100836548
5155.541999999977
606.2177826491071
147.13999999999936
20.700000000000024
12609.329879101459
5170.255999999977
606.2177826491071
146.15999999999937
20.800000000000026
12669.95165736637
5184.871999999977
606.2177826491071
145.17999999999938
20.900000000000027
12730.57343563128
5199.389999999977
606.2177826491071
144.1999999999994
21.00000000000003
12791.195213896191
5213.809999999977
606.2177826491071
143.2199999999994
21.10000000000003
12851.816992161102
5228.131999999977
606.2177826491071
142.2399999999994
21.20000000000003
12912.438770426013
5242.355999999977
606.2177826491071
141.25999999999942
21.300000000000033
12973.060548690924
5256.481999999977
606.2177826491071
140.27999999999943
21.400000000000034
13033.682326955835
5270.5099999999775
606.2177826491071
139.29999999999944
21.500000000000036
13094.304105220746
5284.439999999978
606.2177826491071
138.31999999999945
21.600000000000037
13154.925883485657
5298.271999999978
606.2177826491071
137.33999999999946
21.70000000000004
13215.547661750568
5312.0059999999785
606.2177826491071
136.35999999999947
21.80000000000004
13276.16944001548
5325.641999999978
606.2177826491071
135.37999999999948
21.90000000000004
13336.79121828039
5339.179999999978
606.2177826491071
134.3999999999995
22.000000000000043
13397.412996545301
5352.619999999977
606.2177826491071
133.4199999999995
22.100000000000044
13458.034774810212
5365.961999999977
606.2177826491071
132.43999999999951
22.200000000000045
13518.656553075123
5379.2059999999765
606.2177826491071
131.45999999999952
22.300000000000047
13579.278331340034
5392.351999999976
606.2177826491071
130.47999999999954
22.40000000000005
13639.900109604945
5405.399999999976
606.2177826491071
129.49999999999955
22.50000000000005
13700.521887869856
5418.349999999976
606.2177826491071
128.51999999999956
22.60000000000005
13761.143666134767
5431.201999999976
606.2177826491071
127.53999999999955
22.700000000000053
13821.765444399678
5443.955999999976
606.2177826491071
126.55999999999955
22.800000000000054
13882.387222664589
5456.6119999999755
606.2177826491071
125.57999999999954
22.900000000000055
13943.0090009295
5469.1699999999755
606.2177826491071
124.59999999999954
23.000000000000057
14003.630779194411
5481.629999999976
606.2177826491071
123.61999999999954
23.10000000000006
14064.252557459322
5493.991999999976
606.2177826491071
122.63999999999953
23.20000000000006
14124.874335724233
5506.255999999976
606.2177826491071
121.65999999999953
23.30000000000006
14185.496113989144
5518.421999999976
606.2177826491071
120.67999999999952
23.400000000000063
14246.117892254055
5530.489999999976
606.2177826491071
119.69999999999952
23.500000000000064
14306.739670518966
5542.459999999976
606.2177826491071
118.71999999999952
23.600000000000065
14367.361448783877
5554.331999999977
606.2177826491071
117.73999999999951
23.700000000000067
14427.983227048788
5566.105999999977
606.2177826491071
116.75999999999951
23.800000000000068
14488.605005313699
5577.781999999977
606.2177826491071
115.7799999999995
23.90000000000007
14549.22678357861
5589.359999999977
606.2177826491071
114.7999999999995
24.00000000000007
14609.84856184352
5600.8399999999765
606.2177826491071
113.8199999999995
24.100000000000072
14670.470340108432
5612.221999999976
606.2177826491071
112.83999999999949
24.200000000000074
14731.092118373343
5623.505999999976
606.2177826491071
111.85999999999949
24.300000000000075
14791.713896638254
5634.691999999975
606.2177826491071
110.87999999999948
24.400000000000077
14852.335674903165
5645.779999999975
606.2177826491071
109.89999999999948
24.500000000000078
14912.957453168076
5656.769999999975
606.2177826491071
108.91999999999948
24.60000000000008
14973.579231432986
5667.661999999975
606.2177826491071
107.93999999999947
24.70000000000008
15034.201009697897
5678.455999999975
606.2177826491071
106.95999999999947
24.800000000000082
15094.822787962808
5689.151999999975
606.2177826491071
105.97999999999946
24.900000000000084
15155.44456622772
5699.7499999999745
606.2177826491071
104.99999999999946
25.000000000000085
15216.06634449263
5710.2499999999745
606.2177826491071
104.01999999999946
25.100000000000087
15276.688122757541
5720.651999999975
606.2177826491071
103.03999999999945
25.200000000000088
15337.309901022452
5730.955999999975
606.2177826491071
102.05999999999945
25.30000000000009
15397.931679287363
5741.161999999975
606.2177826491071
101.07999999999944
25.40000000000009
15458.553457552274
5751.269999999975
606.2177826491071
100.09999999999944
25.500000000000092
15519.175235817185
5761.279999999975
606.2177826491071
99.11999999999944
25.600000000000094
15579.797014082096
5771.191999999975
606.2177826491071
98.13999999999943
25.700000000000095
15640.418792347007
5781.005999999976
606.2177826491071
97.15999999999943
25.800000000000097
15701.040570611918
5790.721999999976
606.2177826491071
96.17999999999942
25.900000000000098
15761.66234887683
5800.3399999999765
606.2177826491071
95.19999999999942
26.0000000000001
15822.28412714174
5809.859999999976
606.2177826491071
94.21999999999942
26.1000000000001
15882.905905406651
5819.281999999976
606.2177826491071
93.23999999999941
26.200000000000102
15943.527683671562
5828.605999999975
606.2177826491071
92.25999999999941
26.300000000000104
16004.149461936473
5837.831999999975
606.2177826491071
91.2799999999994
26.400000000000105
16064.771240201384
5846.959999999975
606.2177826491071
90.2999999999994
26.500000000000107
16125.393018466295
5855.989999999974
606.2177826491071
89.3199999999994
26.600000000000108
16186.014796731206
5864.921999999974
606.2177826491071
88.33999999999939
26.70000000000011
16246.636574996117
5873.755999999974
606.2177826491071
87.35999999999939
26.80000000000011
16307.258353261028
5882.491999999974
606.2177826491071
86.37999999999938
26.900000000000112
16367.880131525939
5891.129999999974
606.2177826491071
85.39999999999938
27.000000000000114
16428.501909790848
5899.669999999974
606.2177826491071
84.41999999999938
27.100000000000115
16489.12368805576
5908.111999999974
606.2177826491071
83.43999999999937
27.200000000000117
16549.74546632067
5916.455999999974
606.2177826491071
82.45999999999937
27.300000000000118
16610.36724458558
5924.701999999974
606.2177826491071
81.47999999999936
27.40000000000012
16670.989022850492
5932.849999999974
606.2177826491071
80.49999999999936
27.50000000000012
16731.610801115403
5940.899999999974
606.2177826491071
79.51999999999936
27.600000000000122
16792.232579380314
5948.851999999974
606.2177826491071
78.53999999999935
27.700000000000124
16852.854357645225
5956.705999999975
606.2177826491071
77.55999999999935
27.800000000000125
16913.476135910136
5964.461999999975
606.2177826491071
76.57999999999934
27.900000000000126
16974.097914175047
5972.119999999975
606.2177826491071
75.59999999999934
28.000000000000128
17034.719692439958
5979.679999999975
606.2177826491071
74.61999999999934
28.10000000000013
17095.34147070487
5987.141999999974
606.2177826491071
73.63999999999933
28.20000000000013
17155.96324896978
5994.505999999974
606.2177826491071
72.65999999999933
28.300000000000132
17216.58502723469
6001.771999999974
606.2177826491071
71.67999999999932
28.400000000000134
17277.2068054996
6008.939999999973
606.2177826491071
70.69999999999932
28.500000000000135
17337.828583764513
6016.009999999973
606.2177826491071
69.71999999999932
28.600000000000136
17398.450362029424
6022.981999999973
606.2177826491071
68.73999999999931
28.700000000000138
17459.072140294335
6029.8559999999725
606.2177826491071
67.75999999999931
28.80000000000014
17519.693918559246
6036.631999999972
606.2177826491071
66.7799999999993
28.90000000000014
17580.315696824156
6043.309999999972
606.2177826491071
65.7999999999993
29.000000000000142
17640.937475089067
6049.889999999972
606.2177826491071
64.8199999999993
29.100000000000144
17701.55925335398
6056.371999999972
606.2177826491071
63.8399999999993
29.200000000000145
17762.18103161889
6062.755999999972
606.2177826491071
62.8599999999993
29.300000000000146
17822.8028098838
6069.041999999972
606.2177826491071
61.879999999999306
29.400000000000148
17883.42458814871
6075.229999999972
606.2177826491071
60.89999999999931
29.50000000000015
17944.046366413622
6081.319999999972
606.2177826491071
59.91999999999931
29.60000000000015
18004.668144678533
6087.311999999973
606.2177826491071
58.939999999999316
29.700000000000152
18065.289922943444
6093.205999999973
606.2177826491071
57.95999999999932
29.800000000000153
18125.911701208355
6099.001999999973
606.2177826491071
56.97999999999932
29.900000000000155
18186.533479473266
6104.699999999973
606.2177826491071
55.999999999999325
30.000000000000156
18247.155257738177
6110.299999999974
606.2177826491071
55.01999999999933
30.100000000000158
18307.777036003088
6115.801999999973
606.2177826491071
54.03999999999933
30.20000000000016
18368.398814268
6121.205999999973
606.2177826491071
53.059999999999334
30.30000000000016
18429.02059253291
6126.511999999972
606.2177826491071
52.07999999999934
30.400000000000162
18489.64237079782
6131.719999999972
606.2177826491071
51.09999999999934
30.500000000000163
18550.264149062732
6136.829999999972
606.2177826491071
50.119999999999344
30.600000000000165
18610.885927327643
6141.841999999971
606.2177826491071
49.13999999999935
30.700000000000166
18671.507705592554
6146.755999999971
606.2177826491071
48.15999999999935
30.800000000000168
18732.129483857465
6151.571999999971
606.2177826491071
47.17999999999935
30.90000000000017
18792.751262122376
6156.289999999971
606.2177826491071
46.199999999999356
31.00000000000017
18853.373040387287
6160.909999999971
606.2177826491071
45.21999999999936
31.100000000000172
18913.994818652198
6165.431999999971
606.2177826491071
44.23999999999936
31.200000000000173
18974.61659691711
6169.855999999971
606.2177826491071
43.259999999999366
31.300000000000175
19035.23837518202
6174.181999999971
606.2177826491071
42.27999999999937
31.400000000000176
19095.86015344693
6178.409999999971
606.2177826491071
41.29999999999937
31.500000000000178
19156.48193171184
6182.539999999971
606.2177826491071
40.319999999999375
31.60000000000018
19217.103709976753
6186.571999999971
606.2177826491071
39.33999999999938
31.70000000000018
19277.725488241664
6190.505999999971
606.2177826491071
38.35999999999938
31.800000000000182
19338.347266506575
6194.341999999971
606.2177826491071
37.379999999999384
31.900000000000183
19398.969044771486
6198.079999999972
606.2177826491071
36.39999999999939
32.000000000000185
19459.590823036397
6201.719999999972
606.2177826491071
35.41999999999939
32.100000000000186
19520.212601301308
6205.261999999972
606.2177826491071
34.439999999999394
32.20000000000019
19580.83437956622
6208.705999999972
606.2177826491071
33.4599999999994
32.30000000000019
19641.45615783113
6212.0519999999715
606.2177826491071
32.4799999999994
32.40000000000019
19702.07793609604
6215.299999999971
606.2177826491071
31.4999999999994
32.50000000000019
19762.69971436095
6218.449999999971
606.2177826491071
30.5199999999994
32.60000000000019
19823.321492625862
6221.50199999997
606.2177826491071
29.5399999999994
32.700000000000195
19883.943270890773
6224.45599999997
606.2177826491071
28.5599999999994
32.800000000000196
19944.565049155684
6227.31199999997
606.2177826491071
27.579999999999398
32.9000000000002
20005.186827420595
6230.06999999997
606.2177826491071
26.599999999999397
33.0000000000002
20065.808605685506
6232.72999999997
606.2177826491071
25.619999999999397
33.1000000000002
20126.430383950417
6235.291999999969
606.2177826491071
24.639999999999397
33.2000000000002
20187.05216221533
6237.755999999969
606.2177826491071
23.659999999999396
33.3000000000002
20247.67394048024
6240.121999999969
606.2177826491071
22.679999999999396
33.400000000000205
20308.29571874515
6242.389999999969
606.2177826491071
21.699999999999395
33.500000000000206
20368.91749701006
6244.5599999999695
606.2177826491071
20.719999999999395
33.60000000000021
20429.539275274972
6246.63199999997
606.2177826491071
19.739999999999394
33.70000000000021
20490.161053539883
6248.60599999997
606.2177826491071
18.759999999999394
33.80000000000021
20550.782831804794
6250.48199999997
606.2177826491071
17.779999999999394
33.90000000000021
20611.404610069705
6252.25999999997
606.2177826491071
16.799999999999393
34.00000000000021
20672.026388334616
6253.9399999999705
606.2177826491071
15.819999999999393
34.100000000000215
20732.648166599527
6255.521999999971
606.2177826491071
14.839999999999392
34.200000000000216
20793.269944864438
6257.005999999971
606.2177826491071
13.859999999999392
34.30000000000022
20853.89172312935
6258.391999999971
606.2177826491071
12.879999999999391
34.40000000000022
20914.51350139426
6259.67999999997
606.2177826491071
11.899999999999391
34.50000000000022
20975.13527965917
6260.86999999997
606.2177826491071
10.91999999999939
34.60000000000022
21035.757057924082
6261.9619999999695
606.2177826491071
9.93999999999939
34.70000000000022
21096.378836188993
6262.955999999969
606.2177826491071
8.95999999999939
34.800000000000225
21157.000614453904
6263.851999999969
606.2177826491071
7.979999999999389
34.900000000000226
21217.622392718815
6264.649999999969
606.2177826491071
6.999999999999389
35.00000000000023
21278.244170983726
6265.3499999999685
606.2177826491071
6.0199999999993885
35.10000000000023
21338.865949248637
6265.951999999968
606.2177826491071
5.039999999999388
35.20000000000023
21399.487727513548
6266.455999999968
606.2177826491071
4.059999999999388
35.30000000000023
21460.10950577846
6266.861999999968
606.2177826491071
3.0799999999993877
35.40000000000023
21520.73128404337
6267.169999999968
606.2177826491071
2.0999999999993877
35.500000000000234
21581.35306230828
6267.379999999968
606.2177826491071
1.1199999999993877
35.600000000000236
21641.97484057319
6267.491999999968
606.2177826491071
0.13999999999938761
35.70000000000024
21702.596618838103
6267.5059999999685
606.2177826491071
-0.8400000000006125
35.80000000000024
21763.218397103014
6267.421999999969
606.2177826491071
-1.8200000000006127
35.90000000000024
21823.840175367925
6267.239999999969
606.2177826491071
-2.8000000000006127
36.00000000000024
21884.461953632836
6266.959999999969
606.2177826491071
-3.7800000000006126
36.10000000000024
21945.083731897746
6266.581999999969
606.2177826491071
-4.760000000000613
36.200000000000244
22005.705510162657
6266.10599999997
606.2177826491071
-5.740000000000613
36.300000000000246
22066.32728842757
6265.53199999997
606.2177826491071
-6.7200000000006135
36.40000000000025
22126.94906669248
6264.85999999997
606.2177826491071
-7.700000000000614
36.50000000000025
22187.57084495739
6264.089999999969
606.2177826491071
-8.680000000000614
36.60000000000025
22248.1926232223
6263.221999999969
606.2177826491071
-9.660000000000615
36.70000000000025
22308.814401487212
6262.2559999999685
606.2177826491071
-10.640000000000615
36.80000000000025
22369.436179752123
6261.191999999968
606.2177826491071
-11.620000000000616
36.900000000000254
22430.057958017034
6260.029999999968
606.2177826491071
-12.600000000000616
37.000000000000256
22490.679736281945
6258.769999999968
606.2177826491071
-13.580000000000616
37.10000000000026
22551.301514546856
6257.4119999999675
606.2177826491071
-14.560000000000617
37.20000000000026
22611.923292811767
6255.955999999967
606.2177826491071
-15.540000000000617
37.30000000000026
22672.545071076678
6254.401999999967
606.2177826491071
-16.520000000000618
37.40000000000026
22733.16684934159
6252.749999999967
606.2177826491071
-17.500000000000618
37.50000000000026
22793.7886276065
6250.999999999967
606.2177826491071
-18.48000000000062
37.600000000000264
22854.41040587141
6249.151999999967
606.2177826491071
-19.46000000000062
37.700000000000266
22915.032184136322
6247.205999999967
606.2177826491071
-20.44000000000062
37.80000000000027
22975.653962401233
6245.1619999999675
606.2177826491071
-21.42000000000062
37.90000000000027
23036.275740666144
6243.019999999968
606.2177826491071
-22.40000000000062
38.00000000000027
23096.897518931055
6240.779999999968
606.2177826491071
-23.38000000000062
38.10000000000027
23157.519297195966
6238.441999999968
606.2177826491071
-24.36000000000062
38.20000000000027
23218.141075460877
6236.0059999999685
606.2177826491071
-25.34000000000062
38.300000000000274
23278.762853725788
6233.471999999969
606.2177826491071
-26.320000000000622
38.400000000000276
23339.3846319907
6230.839999999968
606.2177826491071
-27.300000000000622
38.50000000000028
23400.00641025561
6228.109999999968
606.2177826491071
-28.280000000000623
38.60000000000028
23460.62818852052
6225.281999999967
606.2177826491071
-29.260000000000623
38.70000000000028
23521.24996678543
6222.355999999967
606.2177826491071
-30.240000000000624
38.80000000000028
23581.871745050343
6219.331999999967
606.2177826491071
-31.220000000000624
38.90000000000028
23642.493523315254
6216.209999999966
606.2177826491071
-32.20000000000062
39.000000000000284
23703.115301580165
6212.989999999966
606.2177826491071
-33.18000000000062
39.100000000000286
23763.737079845076
6209.671999999966
606.2177826491071
-34.160000000000615
39.20000000000029
23824.358858109987
6206.255999999966
606.2177826491071
-35.14000000000061
39.30000000000029
23884.980636374898
6202.741999999966
606.2177826491071
-36.12000000000061
39.40000000000029
23945.60241463981
6199.129999999966
606.2177826491071
-37.100000000000605
39.50000000000029
24006.22419290472
6195.4199999999655
606.2177826491071
-38.0800000000006
39.60000000000029
24066.84597116963
6191.6119999999655
606.2177826491071
-39.0600000000006
39.700000000000294
24127.46774943454
6187.705999999966
606.2177826491071
-40.040000000000596
39.800000000000296
24188.089527699452
6183.701999999966
606.2177826491071
-41.02000000000059
39.9000000000003
24248.711305964363
6179.599999999966
606.2177826491071
-42.00000000000059
40.0000000000003
24309.333084229274
6175.399999999966
606.2177826491071
-42.98000000000059
40.1000000000003
24369.954862494185
6171.101999999966
606.2177826491071
-43.96000000000058
40.2000000000003
24430.576640759096
6166.7059999999665
606.2177826491071
-44.94000000000058
40.3000000000003
24491.198419024007
6162.211999999967
606.2177826491071
-45.92000000000058
40.400000000000304
24551.82019728892
6157.619999999967
606.2177826491071
-46.900000000000574
40.500000000000306
24612.44197555383
6152.929999999967
606.2177826491071
-47.88000000000057
40.60000000000031
24673.06375381874
6148.141999999966
606.2177826491071
-48.86000000000057
40.70000000000031
24733.68553208365
6143.255999999966
606.2177826491071
-49.840000000000565
40.80000000000031
24794.307310348562
6138.271999999965
606.2177826491071
-50.82000000000056
40.90000000000031
24854.929088613473
6133.189999999965
606.2177826491071
-51.80000000000056
41.00000000000031
24915.550866878384
6128.009999999965
606.2177826491071
-52.780000000000555
41.100000000000314
24976.172645143295
6122.7319999999645
606.2177826491071
-53.76000000000055
41.200000000000315
25036.794423408206
6117.355999999964
606.2177826491071
-54.74000000000055
41.30000000000032
25097.416201673117
6111.881999999964
606.2177826491071
-55.720000000000546
41.40000000000032
25158.037979938028
6106.309999999964
606.2177826491071
-56.70000000000054
41.50000000000032
25218.65975820294
6100.639999999964
606.2177826491071
-57.68000000000054
41.60000000000032
25279.28153646785
6094.871999999964
606.2177826491071
-58.66000000000054
41.70000000000032
25339.90331473276
6089.005999999964
606.2177826491071
-59.64000000000053
41.800000000000324
25400.525092997672
6083.041999999964
606.2177826491071
-60.62000000000053
41.900000000000325
25461.146871262583
6076.979999999964
606.2177826491071
-61.60000000000053
42.00000000000033
25521.768649527494
6070.819999999964
606.2177826491071
-62.580000000000524
42.10000000000033
25582.390427792405
6064.561999999964
606.2177826491071
-63.56000000000052
42.20000000000033
25643.012206057316
6058.205999999965
606.2177826491071
-64.54000000000052
42.30000000000033
25703.633984322227
6051.751999999965
606.2177826491071
-65.52000000000052
42.40000000000033
25764.255762587138
6045.199999999965
606.2177826491071
-66.50000000000053
42.500000000000334
25824.87754085205
6038.549999999966
606.2177826491071
-67.48000000000053
42.600000000000335
25885.49931911696
6031.801999999965
606.2177826491071
-68.46000000000053
42.70000000000034
25946.12109738187
6024.955999999965
606.2177826491071
-69.44000000000054
42.80000000000034
26006.74287564678
6018.011999999964
606.2177826491071
-70.42000000000054
42.90000000000034
26067.364653911693
6010.969999999964
606.2177826491071
-71.40000000000055
43.00000000000034
26127.986432176604
6003.829999999964
606.2177826491071
-72.38000000000055
43.10000000000034
26188.608210441515
5996.591999999963
606.2177826491071
-73.36000000000055
43.200000000000344
26249.229988706426
5989.255999999963
606.2177826491071
-74.34000000000056
43.300000000000345
26309.851766971336
5981.821999999963
606.2177826491071
-75.32000000000056
43.40000000000035
26370.473545236247
5974.289999999963
606.2177826491071
-76.30000000000057
43.50000000000035
26431.09532350116
5966.659999999963
606.2177826491071
-77.28000000000057
43.60000000000035
26491.71710176607
5958.9319999999625
606.2177826491071
-78.26000000000057
43.70000000000035
26552.33888003098
5951.1059999999625
606.2177826491071
-79.24000000000058
43.80000000000035
26612.96065829589
5943.1819999999625
606.2177826491071
-80.22000000000058
43.900000000000354
26673.582436560802
5935.159999999963
606.2177826491071
-81.20000000000059
44.000000000000355
26734.204214825713
5927.039999999963
606.2177826491071
-82.18000000000059
44.10000000000036
26794.825993090624
5918.821999999963
606.2177826491071
-83.1600000000006
44.20000000000036
26855.447771355535
5910.505999999963
606.2177826491071
-84.1400000000006
44.30000000000036
26916.069549620446
5902.091999999963
606.2177826491071
-85.1200000000006
44.40000000000036
26976.691327885357
5893.579999999964
606.2177826491071
-86.1000000000006
44.50000000000036
27037.313106150268
5884.969999999964
606.2177826491071
-87.08000000000061
44.600000000000364
27097.93488441518
5876.261999999964
606.2177826491071
-88.06000000000061
44.700000000000365
27158.55666268009
5867.455999999964
606.2177826491071
-89.04000000000062
44.80000000000037
27219.178440945
5858.551999999963
606.2177826491071
-90.02000000000062
44.90000000000037
27279.800219209912
5849.549999999963
606.2177826491071
-91.00000000000063
45.00000000000037
27340.421997474823
5840.4499999999625
606.2177826491071
-91.98000000000063
45.10000000000037
27401.043775739734
5831.251999999962
606.2177826491071
-92.96000000000063
45.20000000000037
27461.665554004645
5821.955999999962
606.2177826491071
-93.94000000000064
45.300000000000374
27522.287332269556
5812.561999999962
606.2177826491071
-94.92000000000064
45.400000000000375
27582.909110534467
5803.0699999999615
606.2177826491071
-95.90000000000065
45.50000000000038
27643.530888799378
5793.479999999961
606.2177826491071
-96.88000000000065
45.60000000000038
27704.15266706429
5783.791999999961
606.2177826491071
-97.86000000000065
45.70000000000038
27764.7744453292
5774.005999999961
606.2177826491071
-98.84000000000066
45.80000000000038
27825.39622359411
5764.121999999961
606.2177826491071
-99.82000000000066
45.90000000000038
27886.01800185902
5754.139999999961
606.2177826491071
-100.80000000000067
46.000000000000384
27946.639780123933
5744.059999999961
606.2177826491071
-101.78000000000067
46.100000000000385
28007.261558388844
5733.881999999961
606.2177826491071
-102.76000000000067
46.20000000000039
28067.883336653755
5723.605999999962
606.2177826491071
-103.74000000000068
46.30000000000039
28128.505114918666
5713.231999999962
606.2177826491071
-104.72000000000068
46.40000000000039
28189.126893183577
5702.759999999962
606.2177826491071
-105.70000000000068
46.50000000000039
28249.748671448488
5692.189999999962
606.2177826491071
-106.68000000000069
46.60000000000039
28310.3704497134
5681.521999999963
606.2177826491071
-107.6600000000007
46.700000000000394
28370.99222797831
5670.755999999963
606.2177826491071
-108.6400000000007
46.800000000000395
28431.61400624322
5659.8919999999625
606.2177826491071
-109.6200000000007
46.9000000000004
28492.23578450813
5648.929999999962
606.2177826491071
-110.6000000000007
47.0000000000004
28552.857562773042
5637.869999999962
606.2177826491071
-111.58000000000071
47.1000000000004
28613.479341037953
5626.711999999961
606.2177826491071
-112.56000000000071
47.2000000000004
28674.101119302864
5615.455999999961
606.2177826491071
-113.54000000000072
47.3000000000004
28734.722897567775
5604.101999999961
606.2177826491071
-114.52000000000072
47.400000000000404
28795.344675832686
5592.6499999999605
606.2177826491071
-115.50000000000072
47.500000000000405
28855.966454097597
5581.09999999996
606.2177826491071
-116.48000000000073
47.600000000000406
28916.58823236251
5569.45199999996
606.2177826491071
-117.46000000000073
47.70000000000041
28977.21001062742
5557.70599999996
606.2177826491071
-118.44000000000074
47.80000000000041
29037.83178889233
5545.86199999996
606.2177826491071
-119.42000000000074
47.90000000000041
29098.45356715724
5533.91999999996
606.2177826491071
-120.40000000000074
48.00000000000041
29159.075345422152
5521.87999999996
606.2177826491071
-121.38000000000075
48.10000000000041
29219.697123687063
5509.74199999996
606.2177826491071
-122.36000000000075
48.200000000000415
29280.318901951974
5497.50599999996
606.2177826491071
-123.34000000000076
48.300000000000416
29340.940680216885
5485.1719999999605
606.2177826491071
-124.32000000000076
48.40000000000042
29401.562458481796
5472.739999999961
606.2177826491071
-125.30000000000076
48.50000000000042
29462.184236746707
5460.209999999961
606.2177826491071
-126.28000000000077
48.60000000000042
29522.806015011618
5447.581999999961
606.2177826491071
-127.26000000000077
48.70000000000042
29583.42779327653
5434.855999999962
606.2177826491071
-128.24000000000078
48.80000000000042
29644.04957154144
5422.031999999961
606.2177826491071
-129.22000000000077
48.900000000000425
29704.67134980635
5409.109999999961
606.2177826491071
-130.20000000000076
49.000000000000426
29765.293128071262
5396.08999999996
606.2177826491071
-131.18000000000075
49.10000000000043
29825.914906336173
5382.97199999996
606.2177826491071
-132.16000000000074
49.20000000000043
29886.536684601084
5369.755999999959
606.2177826491071
-133.14000000000073
49.30000000000043
29947.158462865995
5356.441999999959
606.2177826491071
-134.12000000000072
49.40000000000043
30007.780241130906
5343.029999999959
606.2177826491071
-135.1000000000007
49.50000000000043
30068.402019395817
5329.519999999959
606.2177826491071
-136.0800000000007
49.600000000000435
30129.023797660728
5315.911999999958
606.2177826491071
-137.06000000000068
49.700000000000436
30189.64557592564
5302.205999999958
606.2177826491071
-138.04000000000067
49.80000000000044
30250.26735419055
5288.401999999958
606.2177826491071
-139.02000000000066
49.90000000000044
30310.88913245546
5274.499999999958
606.2177826491071
-140.00000000000065
50.00000000000044
30371.51091072037
5260.499999999958
606.2177826491071
-140.98000000000064
50.10000000000044
30432.132688985283
5246.401999999958
606.2177826491071
-141.96000000000063
50.20000000000044
30492.754467250194
5232.205999999958
606.2177826491071
-142.94000000000062
50.300000000000445
30553.376245515105
5217.911999999958
606.2177826491071
-143.9200000000006
50.400000000000446
30613.998023780016
5203.519999999959
606.2177826491071
-144.9000000000006
50.50000000000045
30674.619802044926
5189.029999999959
606.2177826491071
-145.8800000000006
50.60000000000045
30735.241580309837
5174.441999999959
606.2177826491071
-146.86000000000058
50.70000000000045
30795.86335857475
5159.755999999959
606.2177826491071
-147.84000000000057
50.80000000000045
30856.48513683966
5144.97199999996
606.2177826491071
-148.82000000000056
50.90000000000045
30917.10691510457
5130.08999999996
606.2177826491071
-149.80000000000055
51.000000000000455
30977.72869336948
5115.10999999996
606.2177826491071
-150.78000000000054
51.100000000000456
31038.350471634392
5100.031999999959
606.2177826491071
-151.76000000000053
51.20000000000046
31098.972249899303
5084.855999999959
606.2177826491071
-152.74000000000052
51.30000000000046
31159.594028164214
5069.5819999999585
606.2177826491071
-153.7200000000005
51.40000000000046
31220.215806429125
5054.209999999958
606.2177826491071
-154.7000000000005
51.50000000000046
31280.837584694036
5038.739999999958
606.2177826491071
-155.6800000000005
51.60000000000046
31341.459362958947
5023.171999999958
606.2177826491071
-156.66000000000048
51.700000000000465
31402.081141223858
5007.505999999958
606.2177826491071
-157.64000000000047
51.800000000000466
31462.70291948877
4991.741999999957
606.2177826491071
-158.62000000000046
51.90000000000047
31523.32469775368
4975.879999999957
606.2177826491071
-159.60000000000045
52.00000000000047
31583.94647601859
4959.919999999957
606.2177826491071
-160.58000000000044
52.10000000000047
31644.568254283502
4943.861999999957
606.2177826491071
-161.56000000000043
52.20000000000047
31705.190032548413
4927.705999999957
606.2177826491071
-162.54000000000042
52.30000000000047
31765.811810813324
4911.4519999999575
606.2177826491071
-163.5200000000004
52.400000000000475
31826.433589078235
4895.099999999958
606.2177826491071
-164.5000000000004
52.500000000000476
31887.055367343146
4878.649999999958
606.2177826491071
-165.4800000000004
52.60000000000048
31947.677145608057
4862.101999999958
606.2177826491071
-166.46000000000038
52.70000000000048
32008.298923872968
4845.455999999958
606.2177826491071
-167.44000000000037
52.80000000000048
32068.92070213788
4828.711999999959
606.2177826491071
-168.42000000000036
52.90000000000048
32129.54248040279
4811.869999999959
606.2177826491071
-169.40000000000035
53.00000000000048
32190.1642586677
4794.929999999959
606.2177826491071
-170.38000000000034
53.100000000000485
32250.78603693261
4777.891999999959
606.2177826491071
-171.36000000000033
53.200000000000486
32311.407815197523
4760.7559999999585
606.2177826491071
-172.34000000000032
53.30000000000049
32372.029593462434
4743.521999999958
606.2177826491071
-173.3200000000003
53.40000000000049
32432.651371727345
4726.189999999958
606.2177826491071
-174.3000000000003
53.50000000000049
32493.273149992256
4708.7599999999575
606.2177826491071
-175.28000000000029
53.60000000000049
32553.894928257167
4691.231999999957
606.2177826491071
-176.26000000000028
53.70000000000049
32614.516706522078
4673.605999999957
606.2177826491071
-177.24000000000026
53.800000000000495
32675.13848478699
4655.881999999957
606.2177826491071
-178.22000000000025
53.900000000000496
32735.7602630519
4638.059999999957
606.2177826491071
-179.20000000000024
54.0000000000005
32796.38204131681
4620.139999999957
606.2177826491071
-180.18000000000023
54.1000000000005
32857.00381958172
4602.121999999957
606.2177826491071
-181.16000000000022
54.2000000000005
32917.62559784663
4584.005999999957
606.2177826491071
-182.1400000000002
54.3000000000005
32978.24737611154
4565.791999999957
606.2177826491071
-183.1200000000002
54.4000000000005
33038.86915437645
4547.479999999957
606.2177826491071
-184.1000000000002
54.500000000000504
33099.49093264136
4529.069999999957
606.2177826491071
-185.08000000000018
54.600000000000506
33160.11271090627
4510.561999999957
606.2177826491071
-186.06000000000017
54.70000000000051
33220.734489171184
4491.955999999957
606.2177826491071
-187.04000000000016
54.80000000000051
33281.356267436095
4473.251999999958
606.2177826491071
-188.02000000000015
54.90000000000051
33341.978045701006
4454.449999999958
606.2177826491071
-189.00000000000014
55.00000000000051
33402.59982396592
4435.549999999958
606.2177826491071
-189.98000000000013
55.10000000000051
33463.22160223083
4416.551999999959
606.2177826491071
-190.96000000000012
55.200000000000514
33523.84338049574
4397.455999999958
606.2177826491071
-191.9400000000001
55.300000000000516
33584.46515876065
4378.261999999958
606.2177826491071
-192.9200000000001
55.40000000000052
33645.08693702556
4358.9699999999575
606.2177826491071
-193.9000000000001
55.50000000000052
33705.70871529047
4339.579999999957
606.2177826491071
-194.88000000000008
55.60000000000052
33766.33049355538
4320.091999999957
606.2177826491071
-195.86000000000007
55.70000000000052
33826.95227182029
4300.505999999957
606.2177826491071
-196.84000000000006
55.80000000000052
33887.574050085204
4280.8219999999565
606.2177826491071
-197.82000000000005
55.900000000000524
33948.195828350115
4261.039999999956
606.2177826491071
-198.80000000000004
56.000000000000526
34008.817606615026
4241.159999999956
606.2177826491071
-199.78000000000003
56.10000000000053
34069.43938487994
4221.181999999956
606.2177826491071
-200.76000000000002
56.20000000000053
34130.06116314485
4201.105999999956
606.2177826491071
-201.74
56.30000000000053
34190.68294140976
4180.931999999956
606.2177826491071
-202.72
56.40000000000053
34251.30471967467
4160.659999999956
606.2177826491071
-203.7
56.50000000000053
34311.92649793958
4140.289999999956
606.2177826491071
-204.67999999999998
56.600000000000534
34372.54827620449
4119.8219999999565
606.2177826491071
-205.65999999999997
56.700000000000536
34433.1700544694
4099.255999999957
606.2177826491071
-206.63999999999996
56.80000000000054
34493.791832734314
4078.5919999999564
606.2177826491071
-207.61999999999995
56.90000000000054
34554.413610999225
4057.8299999999563
606.2177826491071
-208.59999999999994
57.00000000000054
34615.035389264136
4036.969999999956
606.2177826491071
-209.57999999999993
57.10000000000054
34675.65716752905
4016.011999999956
606.2177826491071
-210.55999999999992
57.20000000000054
34736.27894579396
3994.955999999956
606.2177826491071
-211.5399999999999
57.300000000000544
34796.90072405887
3973.801999999956
606.2177826491071
-212.5199999999999
57.400000000000546
34857.52250232378
3952.549999999956
606.2177826491071
-213.4999999999999
57.50000000000055
34918.14428058869
3931.199999999956
606.2177826491071
-214.47999999999988
57.60000000000055
34978.7660588536
3909.7519999999563
606.2177826491071
-215.45999999999987
57.70000000000055
35039.38783711851
3888.2059999999565
606.2177826491071
-216.43999999999986
57.80000000000055
35100.009615383424
3866.5619999999567
606.2177826491071
-217.41999999999985
57.90000000000055
35160.631393648335
3844.8199999999565
606.2177826491071
-218.39999999999984
58.000000000000554
35221.253171913246
3822.9799999999564
606.2177826491071
-219.37999999999982
58.100000000000556
35281.87495017816
3801.0419999999563
606.2177826491071
-220.35999999999981
58.20000000000056
35342.49672844307
3779.005999999956
606.2177826491071
-221.3399999999998
58.30000000000056
35403.11850670798
3756.871999999956
606.2177826491071
-222.3199999999998
58.40000000000056
35463.74028497289
3734.639999999956
606.2177826491071
-223.29999999999978
58.50000000000056
35524.3620632378
3712.3099999999563
606.2177826491071
-224.27999999999977
58.60000000000056
35584.98384150271
3689.8819999999564
606.2177826491071
-225.25999999999976
58.700000000000564
35645.60561976762
3667.3559999999566
606.2177826491071
-226.23999999999975
58.800000000000566
35706.22739803253
3644.7319999999568
606.2177826491071
-227.21999999999974
58.90000000000057
35766.849176297445
3622.009999999957
606.2177826491071
-228.19999999999973
59.00000000000057
35827.470954562355
3599.189999999957
606.2177826491071
-229.17999999999972
59.10000000000057
35888.09273282727
3576.2719999999567
606.2177826491071
-230.1599999999997
59.20000000000057
35948.71451109218
3553.2559999999567
606.2177826491071
-231.1399999999997
59.30000000000057
36009.33628935709
3530.1419999999566
606.2177826491071
-232.1199999999997
59.400000000000574
36069.958067622
3506.9299999999566
606.2177826491071
-233.09999999999968
59.500000000000576
36130.57984588691
3483.6199999999567
606.2177826491071
-234.07999999999967
59.60000000000058
36191.20162415182
3460.211999999957
606.2177826491071
-235.05999999999966
59.70000000000058
36251.82340241673
3436.705999999957
606.2177826491071
-236.03999999999965
59.80000000000058
36312.44518068164
3413.101999999957
606.2177826491071
-237.01999999999964
59.90000000000058
36373.066958946554
3389.3999999999573
606.2177826491071
-237.99999999999963
60.00000000000058
36433.688737211465
3365.599999999957
606.2177826491071
-238.97999999999962
60.100000000000584
36494.310515476376
3341.701999999957
606.2177826491071
-239.9599999999996
60.200000000000585
36554.93229374129
3317.705999999957
606.2177826491071
-240.9399999999996
60.30000000000059
36615.5540720062
3293.611999999957
606.2177826491071
-241.9199999999996
60.40000000000059
36676.17585027111
3269.419999999957
606.2177826491071
-242.89999999999958
60.50000000000059
36736.79762853602
3245.129999999957
606.2177826491071
-243.87999999999957
60.60000000000059
36797.41940680093
3220.741999999957
606.2177826491071
-244.85999999999956
60.70000000000059
36858.04118506584
3196.255999999957
606.2177826491071
-245.83999999999955
60.800000000000594
36918.66296333075
3171.6719999999573
606.2177826491071
-246.81999999999954
60.900000000000595
36979.284741595664
3146.9899999999575
606.2177826491071
-247.79999999999953
61.0000000000006
37039.906519860575
3122.2099999999577
606.2177826491071
-248.77999999999952
61.1000000000006
37100.528298125486
3097.3319999999576
606.2177826491071
-249.7599999999995
61.2000000000006
37161.1500763904
3072.3559999999575
606.2177826491071
-250.7399999999995
61.3000000000006
37221.77185465531
3047.2819999999574
606.2177826491071
-251.7199999999995
61.4000000000006
37282.39363292022
3022.1099999999574
606.2177826491071
-252.69999999999948
61.500000000000604
37343.01541118513
2996.8399999999574
606.2177826491071
-253.67999999999947
61.600000000000605
37403.63718945004
2971.4719999999575
606.2177826491071
-254.65999999999946
61.70000000000061
37464.25896771495
2946.0059999999576
606.2177826491071
-255.63999999999945
61.80000000000061
37524.88074597986
2920.4419999999577
606.2177826491071
-256.61999999999944
61.90000000000061
37585.502524244774
2894.779999999958
606.2177826491071
-257.59999999999945
62.00000000000061
37646.124302509685
2869.019999999958
606.2177826491071
-258.5799999999995
62.10000000000061
37706.746080774596
2843.1619999999584
606.2177826491071
-259.5599999999995
62.200000000000614
37767.36785903951
2817.2059999999583
606.2177826491071
-260.5399999999995
62.300000000000615
37827.98963730442
2791.151999999958
606.2177826491071
-261.5199999999995
62.40000000000062
37888.61141556933
2764.999999999958
606.2177826491071
-262.49999999999955
62.50000000000062
37949.23319383424
2738.749999999958
606.2177826491071
-263.47999999999956
62.60000000000062
38009.85497209915
2712.401999999958
606.2177826491071
-264.4599999999996
62.70000000000062
38070.47675036406
2685.9559999999583
606.2177826491071
-265.4399999999996
62.80000000000062
38131.09852862897
2659.4119999999584
606.2177826491071
-266.4199999999996
62.900000000000624
38191.72030689388
2632.7699999999586
606.2177826491071
-267.39999999999964
63.000000000000625
38252.342085158794
2606.029999999959
606.2177826491071
-268.37999999999965
63.10000000000063
38312.963863423705
2579.191999999959
606.2177826491071
-269.3599999999997
63.20000000000063
38373.585641688616
2552.255999999959
606.2177826491071
-270.3399999999997
63.30000000000063
38434.20741995353
2525.221999999959
606.2177826491071
-271.3199999999997
63.40000000000063
38494.82919821844
2498.0899999999588
606.2177826491071
-272.2999999999997
63.50000000000063
38555.45097648335
2470.8599999999587
606.2177826491071
-273.27999999999975
63.600000000000634
38616.07275474826
2443.5319999999588
606.2177826491071
-274.25999999999976
63.700000000000635
38676.69453301317
2416.105999999959
606.2177826491071
-275.2399999999998
63.80000000000064
38737.31631127808
2388.581999999959
606.2177826491071
-276.2199999999998
63.90000000000064
38797.93808954299
2360.959999999959
606.2177826491071
-277.1999999999998
64.00000000000064
38858.559867807904
2333.2399999999593
606.2177826491071
-278.17999999999984
64.10000000000063
38919.181646072815
2305.4219999999596
606.2177826491071
-279.15999999999985
64.20000000000063
38979.803424337726
2277.5059999999594
606.2177826491071
-280.1399999999999
64.30000000000062
39040.42520260264
2249.4919999999593
606.2177826491071
-281.1199999999999
64.40000000000062
39101.04698086755
2221.379999999959
606.2177826491071
-282.0999999999999
64.50000000000061
39161.66875913246
2193.169999999959
606.2177826491071
-283.0799999999999
64.6000000000006
39222.29053739737
2164.861999999959
606.2177826491071
-284.05999999999995
64.7000000000006
39282.91231566228
2136.455999999959
606.2177826491071
-285.03999999999996
64.8000000000006
39343.53409392719
2107.9519999999593
606.2177826491071
-286.02
64.90000000000059
39404.1558721921
2079.3499999999594
606.2177826491071
-287.0
65.00000000000058
39464.777650457014
2050.6499999999596
606.2177826491071
-287.98
65.10000000000058
39525.399428721925
2021.8519999999596
606.2177826491071
-288.96000000000004
65.20000000000057
39586.021206986836
1992.9559999999597
606.2177826491071
-289.94000000000005
65.30000000000057
39646.64298525175
1963.9619999999597
606.2177826491071
-290.9200000000001
65.40000000000056
39707.26476351666
1934.8699999999596
606.2177826491071
-291.9000000000001
65.50000000000055
39767.88654178157
1905.6799999999596
606.2177826491071
-292.8800000000001
65.60000000000055
39828.50832004648
1876.3919999999596
606.2177826491071
-293.8600000000001
65.70000000000054
39889.13009831139
1847.0059999999596
606.2177826491071
-294.84000000000015
65.80000000000054
39949.7518765763
1817.5219999999597
606.2177826491071
-295.82000000000016
65.90000000000053
40010.37365484121
1787.9399999999596
606.2177826491071
-296.8000000000002
66.00000000000053
40070.99543310612
1758.2599999999595
606.2177826491071
-297.7800000000002
66.10000000000052
40131.617211371035
1728.4819999999595
606.2177826491071
-298.7600000000002
66.20000000000051
40192.238989635945
1698.6059999999595
606.2177826491071
-299.74000000000024
66.30000000000051
40252.86076790086
1668.6319999999596
606.2177826491071
-300.72000000000025
66.4000000000005
40313.48254616577
1638.5599999999595
606.2177826491071
-301.7000000000003
66.5000000000005
40374.10432443068
1608.3899999999594
606.2177826491071
-302.6800000000003
66.60000000000049
40434.72610269559
1578.1219999999594
606.2177826491071
-303.6600000000003
66.70000000000049
40495.3478809605
1547.7559999999594
606.2177826491071
-304.6400000000003
66.80000000000048
40555.96965922541
1517.2919999999594
606.2177826491071
-305.62000000000035
66.90000000000047
40616.59143749032
1486.7299999999593
606.2177826491071
-306.60000000000036
67.00000000000047
40677.21321575523
1456.0699999999592
606.2177826491071
-307.5800000000004
67.10000000000046
40737.834994020144
1425.3119999999592
606.2177826491071
-308.5600000000004
67.20000000000046
40798.456772285055
1394.4559999999592
606.2177826491071
-309.5400000000004
67.30000000000045
40859.078550549966
1363.5019999999593
606.2177826491071
-310.52000000000044
67.40000000000045
40919.70032881488
1332.4499999999591
606.2177826491071
-311.50000000000045
67.50000000000044
40980.32210707979
1301.299999999959
606.2177826491071
-312.4800000000005
67.60000000000043
41040.9438853447
1270.051999999959
606.2177826491071
-313.4600000000005
67.70000000000043
41101.56566360961
1238.705999999959
606.2177826491071
-314.4400000000005
67.80000000000042
41162.18744187452
1207.261999999959
606.2177826491071
-315.4200000000005
67.90000000000042
41222.80922013943
1175.7199999999589
606.2177826491071
-316.40000000000055
68.00000000000041
41283.43099840434
1144.0799999999588
606.2177826491071
-317.38000000000056
68.1000000000004
41344.052776669254
1112.3419999999587
606.2177826491071
-318.3600000000006
68.2000000000004
41404.674554934165
1080.5059999999587
606.2177826491071
-319.3400000000006
68.3000000000004
41465.296333199076
1048.5719999999587
606.2177826491071
-320.3200000000006
68.40000000000039
41525.91811146399
1016.5399999999587
606.2177826491071
-321.30000000000064
68.50000000000038
41586.5398897289
984.4099999999586
606.2177826491071
-322.28000000000065
68.60000000000038
41647.16166799381
952.1819999999585
606.2177826491071
-323.2600000000007
68.70000000000037
41707.78344625872
919.8559999999585
606.2177826491071
-324.2400000000007
68.80000000000037
41768.40522452363
887.4319999999584
606.2177826491071
-325.2200000000007
68.90000000000036
41829.02700278854
854.9099999999584
606.2177826491071
-326.2000000000007
69.00000000000036
41889.64878105345
822.2899999999582
606.2177826491071
-327.18000000000075
69.10000000000035
41950.270559318364
789.5719999999582
606.2177826491071
-328.16000000000076
69.20000000000034
42010.892337583275
756.7559999999581
606.2177826491071
-329.1400000000008
69.30000000000034
42071.514115848186
723.841999999958
606.2177826491071
-330.1200000000008
69.40000000000033
42132.1358941131
690.829999999958
606.2177826491071
-331.1000000000008
69.50000000000033
42192.75767237801
657.7199999999578
606.2177826491071
-332.08000000000084
69.60000000000032
42253.37945064292
624.5119999999578
606.2177826491071
-333.06000000000085
69.70000000000032
42314.00122890783
591.2059999999577
606.2177826491071
-334.0400000000009
69.80000000000031
42374.62300717274
557.8019999999576
606.2177826491071
-335.0200000000009
69.9000000000003
42435.24478543765
524.2999999999575
606.2177826491071
-336.0000000000009
70.0000000000003
42495.86656370256
490.69999999995747
606.2177826491071
-336.9800000000009
70.10000000000029
42556.48834196747
457.0019999999574
606.2177826491071
-337.96000000000095
70.20000000000029
42617.110120232384
423.20599999995727
606.2177826491071
-338.94000000000096
70.30000000000028
42677.731898497295
389.31199999995715
606.2177826491071
-339.920000000001
70.40000000000028
42738.353676762206
355.3199999999571
606.2177826491071
-340.900000000001
70.50000000000027
42798.97545502712
321.229999999957
606.2177826491071
-341.880000000001
70.60000000000026
42859.59723329203
287.0419999999569
606.2177826491071
-342.86000000000104
70.70000000000026
42920.21901155694
252.75599999995677
606.2177826491071
-343.84000000000106
70.80000000000025
42980.84078982185
218.37199999995667
606.2177826491071
-344.8200000000011
70.90000000000025
43041.46256808676
183.88999999995656
606.2177826491071
-345.8000000000011
71.00000000000024
43102.08434635167
149.30999999995646
606.2177826491071
-346.7800000000011
71.10000000000024
43162.70612461658
114.63199999995635
606.2177826491071
-347.7600000000011
71.20000000000023
43223.327902881494
79.85599999995623
606.2177826491071
-348.74000000000115
71.30000000000022
43283.949681146405
44.98199999995611
606.2177826491071
-349.72000000000116
71.40000000000022
43344.571459411316
10.009999999955994
606.2177826491071
-350.7000000000012
71.50000000000021
